,t-3-numOrders,t-2-numOrders,t-1-numOrders,t-3-amount,t-2-amount,t-1-amount,t-3-collectionNum,t-2-collectionNum,t-1-collectionNum
1468,0.0,0.0,0.0,0.0,0.0,0.0,0.0,0.0,27.0
38664,0.0,0.0,0.0,0.0,0.0,0.0,17.0,1.0,0.0
6960,0.0,0.0,0.0,0.0,0.0,0.0,20.0,2.0,0.0
14531,0.0,0.0,0.0,0.0,0.0,0.0,0.0,0.0,6.0
34779,0.0,0.0,0.0,0.0,0.0,0.0,0.0,0.0,23.0
8583,0.0,0.0,0.0,0.0,0.0,0.0,0.0,0.0,5.0
20463,0.0,0.0,0.0,0.0,0.0,0.0,0.0,0.0,51.0
23697,0.0,0.0,0.0,0.0,0.0,0.0,0.0,2.0,9.0
8412,0.0,0.0,4.0,0.0,0.0,67.0,0.0,0.0,9.0
31839,0.0,0.0,0.0,0.0,0.0,0.0,0.0,0.0,28.0
12609,0.0,0.0,0.0,0.0,0.0,0.0,0.0,0.0,82.0
