,t-3-numOrders,t-2-numOrders,t-1-numOrders,t-3-amount,t-2-amount,t-1-amount,t-3-collectionNum,t-2-collectionNum,t-1-collectionNum
5395,0.0,0.0,0.0,0.0,0.0,0.0,0.0,0.0,0.0
44582,0.0,0.0,0.0,0.0,0.0,0.0,0.0,0.0,0.0
28220,0.0,0.0,0.0,0.0,0.0,0.0,0.0,0.0,0.0
31501,0.0,0.0,0.0,0.0,0.0,0.0,0.0,0.0,0.0
22257,0.0,0.0,0.0,0.0,0.0,0.0,0.0,0.0,46.0
41872,0.0,0.0,0.0,0.0,0.0,0.0,0.0,0.0,0.0
46563,0.0,0.0,0.0,0.0,0.0,0.0,0.0,0.0,0.0
11304,0.0,0.0,0.0,0.0,0.0,0.0,0.0,0.0,0.0
38989,0.0,0.0,0.0,0.0,0.0,0.0,0.0,0.0,0.0
37591,0.0,0.0,0.0,0.0,0.0,0.0,0.0,0.0,3.0
6334,0.0,0.0,0.0,0.0,0.0,0.0,0.0,0.0,0.0
